12  156267.2
13  351442.9
14  712055.4
15  1.218769e+6
16  1.871807e+6
17  2.607549e+6
18  3.374380e+6
19  4.153174e+6
20  4.900546e+6
21  5.589129e+6
22  6.205194e+6
23  6.730058e+6
24  7.169971e+6
25  7.503140e+6
26  7.785448e+6
27  7.987933e+6
28  8.126024e+6
29  8.211493e+6
30  8.230611e+6
31  8.221147e+6
32  8.174144e+6
33  8.101095e+6
34  8.011021e+6
35  7.890165e+6
36  7.748644e+6
37  7.604800e+6
38  7.450809e+6
39  7.287372e+6
40  7.116689e+6
41  6.950513e+6
42  6.775827e+6
43  6.601926e+6
44  6.429721e+6
45  6.256414e+6
46  6.088447e+6
47  5.918814e+6
48  5.753905e+6
49  5.591172e+6
50  5.431193e+6
51  5.275855e+6
52  5.122586e+6
53  4.975954e+6
54  4.830028e+6
55  4.688884e+6
56  4.550809e+6
57  4.416002e+6
58  1.371506e+7
59  2.055118e+7
60  4.035878e+6
61  3.915427e+6
62  3.799094e+6
63  3.685239e+6
64  3.575291e+6
65  3.467976e+6
66  3.363389e+6
67  8.580041e+6
68  3.162922e+6
69  4.448695e+6
70  2.667835e+6
71  2.597167e+6
72  2.526534e+6
73  2.460080e+6
74  2.393225e+6
75  2.327850e+6
76  2.262232e+6
77  2.199132e+6
78  2.136310e+6
79  2.074271e+6
80  2.013506e+6
81  1.953676e+6
82  1.895739e+6
83  1.837529e+6
84  1.781226e+6
85  1.724615e+6
86  1.669654e+6
87  1.615914e+6
88  1.562602e+6
89  1.510519e+6
90  1.458679e+6
91  1.407951e+6
92  1.358090e+6
93  1.308683e+6
94  1.260409e+6
95  1.212519e+6
96  1.165690e+6
97  1.118861e+6
98  1.073002e+6
99  1.027705e+6
100  982779.5
101  938937.2
102  894350.1
103  851072.7
104  807574.2
105  764569.4
106  722135.3
107  679045.8
108  637112.3
109  594001.3
110  551807.9
111  509229.9
112  466228.1
113  423580
114  376328.5
115  330652.4
116  285317.6
117  240626.5
118  178220.3
119  87677.13
120  0
