12  40.33915
13  510.7103
14  3700.825
15  16563.42
16  53595.19
17  133055.4
18  271013.1
19  481558.7
20  764714
21  1.112070e+6
22  1.507702e+6
23  1.933214e+6
24  2.370027e+6
25  2.777973e+6
26  3.193943e+6
27  3.572737e+6
28  3.919922e+6
29  4.226333e+6
30  4.471215e+6
31  4.688486e+6
32  4.872738e+6
33  5.017939e+6
34  5.131090e+6
35  5.206027e+6
36  5.252572e+6
37  5.279016e+6
38  5.285053e+6
39  5.267748e+6
40  5.236862e+6
41  5.195306e+6
42  5.136343e+6
43  5.069800e+6
44  4.996567e+6
45  4.914683e+6
46  4.832061e+6
47  4.740754e+6
48  4.646150e+6
49  4.551464e+6
50  4.452380e+6
51  4.353155e+6
52  4.251872e+6
53  4.154770e+6
54  4.054763e+6
55  3.955451e+6
56  3.855593e+6
57  3.757579e+6
58  1.172068e+7
59  1.762923e+7
60  3.473296e+6
61  3.380570e+6
62  3.290773e+6
63  3.200783e+6
64  3.115366e+6
65  3.028390e+6
66  2.945001e+6
67  7.528973e+6
68  2.781461e+6
69  3.920624e+6
70  2.356240e+6
71  2.297545e+6
72  2.239894e+6
73  2.184515e+6
74  2.128594e+6
75  2.073805e+6
76  2.017526e+6
77  1.964431e+6
78  1.911407e+6
79  1.857906e+6
80  1.805427e+6
81  1.753673e+6
82  1.704427e+6
83  1.653876e+6
84  1.604066e+6
85  1.554764e+6
86  1.506842e+6
87  1.459918e+6
88  1.413279e+6
89  1.366911e+6
90  1.321426e+6
91  1.276159e+6
92  1.232297e+6
93  1.188107e+6
94  1.144899e+6
95  1.102588e+6
96  1.060577e+6
97  1.018520e+6
98  977301.5
99  936550.1
100  896577.6
101  857043.4
102  816786.1
103  777681.9
104  738333
105  699393
106  660933
107  621831.2
108  583430.9
109  544246.1
110  505860
111  467079.5
112  427868.1
113  388938.9
114  345551.7
115  303775.1
116  262267
117  221305.9
118  163910.5
119  80680.84
120  0
