6  7.100061e-34
7  1.920460e-19
8  4.728310e-11
9  6.534690e-6
10  0.0140019
11  1.498264
12  47.45848
13  587.0645
14  4009.229
15  16854.88
16  50998.8
17  118596.4
18  226923.8
19  379603.5
20  569199.4
21  784132
22  1.009693e+6
23  1.235068e+6
24  1.448251e+6
25  1.627128e+6
26  1.798777e+6
27  1.938307e+6
28  2.053575e+6
29  2.139788e+6
30  2.191345e+6
31  2.225961e+6
32  2.245271e+6
33  2.243900e+6
34  2.225832e+6
35  2.193744e+6
36  2.150224e+6
37  2.097549e+6
38  2.038534e+6
39  1.970796e+6
40  1.900231e+6
41  1.824780e+6
42  1.745769e+6
43  1.662903e+6
44  1.580340e+6
45  1.495747e+6
46  1.411175e+6
47  1.325491e+6
48  1.237940e+6
49  1.151518e+6
50  1.064646e+6
51  977013.7
52  889050.8
53  801181.2
54  711364.5
55  619653.5
56  526929.8
57  427707.4
58  326002.8
59  204865.6
60  0
