6  6.621394e-7
7  0.0458421
8  29.58098
9  1540.118
10  19524.74
11  65927.24
12  183846.3
13  403985.6
14  771393.7
15  1.240215e+6
16  1.781128e+6
17  2.324188e+6
18  2.825426e+6
19  3.273867e+6
20  3.647622e+6
21  3.940951e+6
22  4.155555e+6
23  4.299616e+6
24  4.381348e+6
25  4.394775e+6
26  4.384637e+6
27  4.333671e+6
28  4.257074e+6
29  4.157470e+6
30  4.033827e+6
31  3.903169e+6
32  3.766501e+6
33  3.622613e+6
34  3.475127e+6
35  3.324800e+6
36  3.172031e+6
37  3.021670e+6
38  2.873902e+6
39  2.726388e+6
40  2.582338e+6
41  2.441272e+6
42  2.303006e+6
43  2.165443e+6
44  2.033625e+6
45  1.904093e+6
46  1.778095e+6
47  1.654870e+6
48  1.533096e+6
49  1.414564e+6
50  1.298698e+6
51  1.184103e+6
52  1.071114e+6
53  959533.4
54  847376.4
55  734551.7
56  621942.3
57  502652.6
58  381475.3
59  238821
60  0
