1.000E-03 1.242E-02 3.778E+03
1.035E-03 1.313E-02 3.445E+03
1.072E-03 1.388E-02 3.142E+03
1.073E-03 1.388E-02 3.148E+03
1.183E-03 1.624E-02 2.426E+03
1.305E-03 1.895E-02 1.867E+03
1.306E-03 1.895E-02 1.877E+03
1.500E-03 2.344E-02 1.293E+03
2.000E-03 3.514E-02 5.852E+02
2.145E-03 3.854E-02 4.806E+02
2.146E-03 3.854E-02 7.096E+02
2.303E-03 4.218E-02 5.890E+02
2.472E-03 4.603E-02 4.885E+02
2.473E-03 4.603E-02 4.941E+02
3.000E-03 5.747E-02 2.944E+02
4.000E-03 7.611E-02 1.320E+02
4.038E-03 7.674E-02 1.285E+02
4.039E-03 7.674E-02 3.320E+02
5.000E-03 9.080E-02 1.907E+02
6.000E-03 1.022E-01 1.163E+02
8.000E-03 1.184E-01 5.258E+01
1.000E-02 1.293E-01 2.797E+01
1.500E-02 1.459E-01 8.632E+00
2.000E-02 1.551E-01 3.676E+00
3.000E-02 1.629E-01 1.077E+00
4.000E-02 1.643E-01 4.445E-01
5.000E-02 1.632E-01 2.221E-01
6.000E-02 1.609E-01 1.255E-01
8.000E-02 1.552E-01 5.072E-02
1.000E-01 1.493E-01 2.506E-02
1.500E-01 1.359E-01 6.969E-03
2.000E-01 1.251E-01 2.838E-03
