1.000E-03 1.333E-02 3.804E+03 
1.035E-03 1.418E-02 3.467E+03 
1.072E-03 1.509E-02 3.160E+03 
1.073E-03 1.509E-02 3.166E+03 
1.500E-03 2.691E-02 1.280E+03 
2.000E-03 4.198E-02 5.726E+02 
2.145E-03 4.637E-02 4.689E+02 
2.146E-03 4.637E-02 4.711E+02 
2.303E-03 5.107E-02 3.848E+02 
2.472E-03 5.603E-02 3.139E+02 
2.473E-03 5.603E-02 3.176E+02 
2.641E-03 6.088E-02 2.624E+02 
2.822E-03 6.590E-02 2.166E+02 
2.823E-03 6.590E-02 2.209E+02 
3.000E-03 7.065E-02 1.853E+02 
3.607E-03 8.546E-02 1.080E+02 
3.608E-03 8.546E-02 1.101E+02 
4.000E-03 9.387E-02 8.109E+01 
5.000E-03 1.115E-01 4.167E+01 
6.000E-03 1.247E-01 2.402E+01 
7.112E-03 1.356E-01 1.430E+01 
7.113E-03 1.356E-01 1.466E+01 
8.000E-03 1.423E-01 1.023E+01 
1.000E-02 1.532E-01 5.141E+00 
1.500E-02 1.682E-01 1.445E+00 
2.000E-02 1.758E-01 5.800E-01 
3.000E-02 1.813E-01 1.577E-01 
4.000E-02 1.811E-01 6.208E-02 
5.000E-02 1.787E-01 3.001E-02 
6.000E-02 1.754E-01 1.654E-02 
8.000E-02 1.682E-01 6.452E-03 
1.000E-01 1.611E-01 3.109E-03 
1.500E-01 1.460E-01 8.317E-04 
2.000E-01 1.341E-01 3.309E-04 
