1.000E-03 1.133E-02 5.029E+03 
1.035E-03 1.205E-02 4.623E+03 
1.072E-03 1.281E-02 4.250E+03 
1.073E-03 1.281E-02 4.328E+03 
1.074E-03 1.281E-02 4.332E+03 
1.075E-03 1.281E-02 4.327E+03 
1.076E-03 1.281E-02 4.332E+03 
1.500E-03 2.275E-02 1.890E+03 
2.000E-03 3.535E-02 9.011E+02 
2.145E-03 3.903E-02 7.484E+02 
2.146E-03 3.903E-02 7.501E+02 
2.303E-03 4.296E-02 6.219E+02 
2.472E-03 4.710E-02 5.154E+02 
2.473E-03 4.710E-02 5.182E+02 
2.641E-03 5.116E-02 4.347E+02 
2.822E-03 5.536E-02 3.645E+02 
2.823E-03 5.536E-02 3.678E+02 
3.000E-03 5.934E-02 3.129E+02 
3.607E-03 7.180E-02 1.899E+02 
3.608E-03 7.180E-02 1.915E+02 
4.000E-03 7.890E-02 1.446E+02 
4.557E-03 8.777E-02 1.011E+02 
4.558E-03 8.777E-02 2.161E+02 
4.702E-03 8.987E-02 2.014E+02 
4.852E-03 9.195E-02 1.878E+02 
4.853E-03 9.195E-02 2.410E+02 
5.000E-03 9.393E-02 2.263E+02 
5.188E-03 9.632E-02 2.053E+02 
5.189E-03 9.632E-02 2.324E+02 
6.000E-03 1.054E-01 1.606E+02 
7.112E-03 1.151E-01 1.021E+02 
7.113E-03 1.151E-01 1.023E+02 
8.000E-03 1.212E-01 7.478E+01 
1.000E-02 1.315E-01 4.099E+01 
1.500E-02 1.468E-01 1.345E+01 
2.000E-02 1.551E-01 6.019E+00 
3.000E-02 1.622E-01 1.910E+00 
3.317E-02 1.631E-01 1.434E+00 
3.318E-02 1.631E-01 8.223E+00 
4.000E-02 1.637E-01 5.035E+00 
5.000E-02 1.626E-01 2.775E+00 
6.000E-02 1.605E-01 1.684E+00 
8.000E-02 1.550E-01 7.563E-01 
1.000E-01 1.493E-01 4.024E-01 
1.500E-01 1.362E-01 1.263E-01 
2.000E-01 1.255E-01 5.552E-02 
